43 24 18
56 38 335
57 41 336
55 45 339
55 48 344
48 30 482
49 30 486
56 48 579
51 54 583
31 61 617
37 58 622
62 13 695
63 8 699
70 5 704
72 1 709
80 2 717
65 42 779
65 45 784
64 47 789
58 54 794
53 63 799
49 68 804
55 71 833
55 67 838
57 65 843
55 66 855
43 35 886
28 34 925
29 33 930
30 32 934
30 31 939
40 24 997
41 25 1002
32 46 1151
35 50 1156
37 53 1160
37 53 1165
47 26 1397
54 50 1469
53 56 1478
16 40 1500
52 44 1506
59 41 1547
63 40 1572
65 40 1578
57 27 2052
55 32 2056
55 43 2060
54 63 2065
46 24 24 thang
45 23 125 thang
46 23 126 thang
57 41 336 cui
56 48 342 cui
55 48 347 cui
56 48 352 cui
56 47 366 cui
56 47 372 cui
56 48 378 cui
56 46 399 cui
56 46 413 cui
56 46 427 cui
56 47 450 cui
56 42 469 cui
47 28 504 thang
37 67 599 nghieng phai
43 51 629 nghieng phai
45 46 636 nghieng phai
71 1 707 nghieng trai
78 1 714 nghieng trai
80 1 720 nghieng trai
80 1 721 nghieng trai
80 2 727 nghieng trai
79 2 735 nghieng trai
78 2 736 nghieng trai
75 4 750 nghieng trai
64 46 788 nghieng trai
64 47 789 nghieng trai
57 57 795 nghieng trai
50 67 802 nghieng trai
49 66 803 nghieng trai
37 35 894 nghieng trai
30 33 932 thang
47 33 1222 nghieng phai
47 33 1224 nghieng phai
46 35 1228 nghieng phai
42 30 1251 nghieng phai
25 31 1492 cui
18 40 1501 cui
49 45 1512 cui
53 44 1518 cui
55 43 1525 cui
59 43 1532 cui
60 40 1542 cui
57 40 1549 cui
61 38 1557 cui
63 41 1571 cui
65 40 1581 cui
61 37 1593 cui
45 27 1621 thang